0,[39],[1.0]
1,[10],[1.0]
2,[8],[1.0]
3,[90],[1.0]
4,[14],[1.0]
5,[56],[1.0]
6,[14],[1.0]
7,[8],[1.0]
8,[81],[1.0]
9,[90],[1.0]
10,[91],[1.0]
11,[8],[1.0]
12,[79],[1.0]
13,[8],[1.0]
14,[19],[1.0]
15,[90],[1.0]
16,[90],[1.0]
17,[40],[1.0]
18,[70],[1.0]
19,[61],[1.0]
20,[70],[1.0]
21,[56],[1.0]
22,[45],[1.0]
23,[8],[1.0]
24,[56],[1.0]
25,[14],[1.0]
26,[25],[1.0]
27,[16],[1.0]
28,[37],[1.0]
29,[8],[1.0]
30,[8],[1.0]
31,[14],[1.0]
32,[87],[1.0]
33,[14],[1.0]
34,[92],[1.0]
35,[56],[1.0]
36,[83],[1.0]
37,[14],[1.0]
38,[90],[1.0]
39,[8],[1.0]
40,[8],[1.0]
41,[15],[1.0]
42,[8],[1.0]
43,[56],[1.0]
44,[33],[1.0]
45,[62],[1.0]
46,[7],[1.0]
47,[79],[1.0]
48,[21],[1.0]
49,[8],[1.0]
50,[84],[1.0]
51,[22],[1.0]
52,[86],[1.0]
53,[22],[1.0]
54,[9],[1.0]
55,[90],[1.0]
56,[86],[1.0]
57,[49],[1.0]
58,[55],[1.0]
59,[56],[1.0]
60,[41],[1.0]
61,[70],[1.0]
62,[49:14],[0.875:0.125]
63,[90],[1.0]
64,[87],[1.0]
65,[60],[1.0]
66,[56],[1.0]
67,[7],[1.0]
68,[90],[1.0]
69,[15],[1.0]
70,[8],[1.0]
71,[87],[1.0]
72,[14],[1.0]
73,[13:75],[0.875:0.125]
74,[91],[1.0]
75,[34],[1.0]
76,[8],[1.0]
77,[8],[1.0]
78,[88],[1.0]
79,[86:14],[0.625:0.375]
80,[8],[1.0]
81,[8],[1.0]
82,[91],[1.0]
83,[56],[1.0]
84,[96],[1.0]
85,[8],[1.0]
86,[15],[1.0]
87,[8],[1.0]
88,[8],[1.0]
89,[90],[1.0]
90,[90],[1.0]
91,[8],[1.0]
92,[8],[1.0]
93,[90],[1.0]
94,[8],[1.0]
95,[56:79],[0.875:0.125]
96,[96],[1.0]
97,[8],[1.0]
98,[14],[1.0]
99,[14],[1.0]
100,[86:14],[0.75:0.25]
101,[91],[1.0]
102,[34],[1.0]
103,[15],[1.0]
104,[90],[1.0]
105,[41],[1.0]
106,[91:16],[0.875:0.125]
107,[14],[1.0]
108,[61],[1.0]
109,[25],[1.0]
110,[61],[1.0]
111,[8],[1.0]
112,[8],[1.0]
113,[8],[1.0]
114,[38],[1.0]
115,[83],[1.0]
116,[7],[1.0]
117,[54],[1.0]
118,[8],[1.0]
119,[8],[1.0]
120,[70],[1.0]
121,[94],[1.0]
122,[88],[1.0]
123,[43],[1.0]
124,[8],[1.0]
125,[47],[1.0]
126,[69],[1.0]
127,[64],[1.0]
128,[33],[1.0]
129,[25],[1.0]
130,[52],[1.0]
131,[23],[1.0]
132,[15],[1.0]
133,[90],[1.0]
134,[86],[1.0]
135,[21:8],[0.875:0.125]
136,[16],[1.0]
137,[56],[1.0]
138,[56:70],[0.625:0.375]
139,[90],[1.0]
140,[90],[1.0]
141,[5],[1.0]
142,[8],[1.0]
143,[9],[1.0]
144,[14],[1.0]
145,[18],[1.0]
146,[90],[1.0]
147,[5],[1.0]
148,[60],[1.0]
149,[7],[1.0]
150,[61],[1.0]
151,[14],[1.0]
152,[46],[1.0]
153,[70:93],[0.625:0.375]
154,[8],[1.0]
155,[33],[1.0]
156,[21],[1.0]
157,[79],[1.0]
158,[90],[1.0]
159,[56],[1.0]
160,[8],[1.0]
161,[9],[1.0]
162,[8],[1.0]
163,[9],[1.0]
164,[90],[1.0]
165,[11],[1.0]
166,[8],[1.0]
167,[70],[1.0]
168,[74],[1.0]
169,[8],[1.0]
170,[8],[1.0]
171,[12],[1.0]
172,[8],[1.0]
173,[79],[1.0]
174,[21],[1.0]
175,[56],[1.0]
176,[8],[1.0]
177,[8],[1.0]
178,[90],[1.0]
179,[8],[1.0]
180,[8],[1.0]
181,[56],[1.0]
182,[46],[1.0]
183,[8],[1.0]
184,[56:80:79],[0.5:0.375:0.125]
185,[8],[1.0]
186,[45],[1.0]
187,[56],[1.0]
188,[45],[1.0]
189,[8],[1.0]
190,[19],[1.0]
191,[79],[1.0]
192,[56],[1.0]
193,[56],[1.0]
194,[64],[1.0]
195,[91],[1.0]
196,[96],[1.0]
197,[5],[1.0]
198,[41],[1.0]
199,[14],[1.0]
200,[14],[1.0]
201,[33],[1.0]
202,[8],[1.0]
203,[33],[1.0]
204,[56],[1.0]
205,[43],[1.0]
206,[60],[1.0]
207,[53],[1.0]
208,[18],[1.0]
209,[8],[1.0]
210,[8],[1.0]
211,[56],[1.0]
212,[8],[1.0]
213,[56],[1.0]
214,[90],[1.0]
215,[5],[1.0]
216,[27],[1.0]
217,[13],[1.0]
218,[41],[1.0]
219,[56],[1.0]
220,[56],[1.0]
221,[87],[1.0]
222,[8],[1.0]
223,[8],[1.0]
224,[8],[1.0]
225,[62],[1.0]
226,[61],[1.0]
227,[8],[1.0]
228,[45],[1.0]
229,[16],[1.0]
230,[59],[1.0]
231,[51],[1.0]
232,[83],[1.0]
233,[90],[1.0]
234,[14:40],[0.875:0.125]
235,[45],[1.0]
236,[9],[1.0]
237,[8],[1.0]
238,[15],[1.0]
239,[56],[1.0]
240,[56],[1.0]
241,[74],[1.0]
242,[64:21],[0.625:0.375]
243,[8],[1.0]
244,[75],[1.0]
245,[13:7],[0.875:0.125]
246,[90],[1.0]
247,[14:40],[0.75:0.25]
248,[90],[1.0]
249,[70],[1.0]
250,[90],[1.0]
251,[8],[1.0]
252,[22],[1.0]
253,[88],[1.0]
254,[34:93],[0.875:0.125]
255,[37],[1.0]
256,[25],[1.0]
257,[14],[1.0]
258,[61],[1.0]
259,[8],[1.0]
260,[8],[1.0]
261,[14],[1.0]
262,[92],[1.0]
263,[21],[1.0]
264,[87],[1.0]
265,[90],[1.0]
266,[90],[1.0]
267,[52],[1.0]
268,[79],[1.0]
269,[8],[1.0]
270,[13],[1.0]
271,[62],[1.0]
272,[71],[1.0]
273,[8],[1.0]
274,[90],[1.0]
275,[21],[1.0]
276,[86],[1.0]
277,[14],[1.0]
278,[62],[1.0]
279,[71],[1.0]
280,[8],[1.0]
281,[90:61],[0.75:0.25]
282,[56],[1.0]
283,[8],[1.0]
284,[90],[1.0]
285,[8],[1.0]
286,[41],[1.0]
287,[56],[1.0]
288,[90],[1.0]
289,[8],[1.0]
290,[0],[1.0]
291,[8],[1.0]
292,[90],[1.0]
293,[46],[1.0]
294,[81],[1.0]
295,[62],[1.0]
296,[5],[1.0]
297,[43],[1.0]
298,[56],[1.0]
299,[35],[1.0]
300,[8],[1.0]
301,[8],[1.0]
302,[14],[1.0]
303,[90],[1.0]
304,[52],[1.0]
305,[56],[1.0]
306,[18],[1.0]
307,[45],[1.0]
308,[90],[1.0]
309,[8],[1.0]
310,[14],[1.0]
311,[8],[1.0]
312,[90],[1.0]
313,[53],[1.0]
314,[17],[1.0]
315,[66],[1.0]
316,[92],[1.0]
317,[81],[1.0]
318,[14],[1.0]
319,[25],[1.0]
320,[45],[1.0]
321,[79],[1.0]
322,[90],[1.0]
323,[8],[1.0]
324,[90],[1.0]
325,[61],[1.0]
326,[66],[1.0]
327,[8],[1.0]
328,[90],[1.0]
329,[56],[1.0]
330,[87],[1.0]
331,[8],[1.0]
332,[5],[1.0]
333,[83],[1.0]
334,[8],[1.0]
335,[8],[1.0]
336,[28],[1.0]
337,[85],[1.0]
338,[56],[1.0]
339,[51],[1.0]
340,[17],[1.0]
341,[59],[1.0]
342,[87],[1.0]
343,[56],[1.0]
344,[0],[1.0]
345,[91],[1.0]
346,[59],[1.0]
347,[8],[1.0]
348,[14],[1.0]
349,[74],[1.0]
350,[8],[1.0]
351,[52],[1.0]
352,[92],[1.0]
353,[8],[1.0]
354,[55],[1.0]
355,[8],[1.0]
356,[37],[1.0]
357,[3],[1.0]
358,[87],[1.0]
359,[86],[1.0]
360,[32],[1.0]
361,[56],[1.0]
362,[90],[1.0]
363,[52],[1.0]
364,[56],[1.0]
365,[64:21],[0.875:0.125]
366,[83],[1.0]
367,[87],[1.0]
368,[56],[1.0]
369,[56],[1.0]
370,[90],[1.0]
371,[8],[1.0]
372,[4],[1.0]
373,[79],[1.0]
374,[8],[1.0]
375,[80],[1.0]
376,[74],[1.0]
377,[70:56],[0.75:0.25]
378,[84],[1.0]
379,[66],[1.0]
380,[90],[1.0]
381,[8],[1.0]
382,[90],[1.0]
383,[33],[1.0]
384,[90],[1.0]
385,[90],[1.0]
386,[8],[1.0]
387,[83],[1.0]
388,[8],[1.0]
389,[81],[1.0]
390,[45],[1.0]
391,[92],[1.0]
392,[88],[1.0]
393,[53],[1.0]
394,[56:70],[0.625:0.375]
395,[62],[1.0]
396,[56],[1.0]
397,[47],[1.0]
398,[62],[1.0]
399,[14],[1.0]
400,[60],[1.0]
401,[56],[1.0]
402,[59],[1.0]
403,[8],[1.0]
404,[90],[1.0]
405,[25],[1.0]
406,[8],[1.0]
407,[8],[1.0]
408,[5],[1.0]
409,[90:61],[0.625:0.375]
410,[17],[1.0]
411,[8],[1.0]
412,[5],[1.0]
413,[53],[1.0]
414,[8],[1.0]
415,[74],[1.0]
416,[74],[1.0]
417,[43],[1.0]
418,[46],[1.0]
419,[92],[1.0]
420,[96],[1.0]
421,[5],[1.0]
422,[15],[1.0]
423,[8],[1.0]
424,[16],[1.0]
425,[16],[1.0]
426,[43:41],[0.625:0.375]
427,[8],[1.0]
428,[40],[1.0]
429,[38],[1.0]
430,[16],[1.0]
431,[56],[1.0]
432,[90],[1.0]
433,[17],[1.0]
434,[56:70],[0.75:0.25]
435,[62],[1.0]
436,[8],[1.0]
437,[14],[1.0]
438,[41],[1.0]
439,[62],[1.0]
440,[38],[1.0]
441,[56],[1.0]
442,[8],[1.0]
443,[8],[1.0]
444,[90],[1.0]
445,[46],[1.0]
446,[56],[1.0]
447,[61:90],[0.875:0.125]
448,[9],[1.0]
449,[8],[1.0]
450,[61],[1.0]
451,[90:61],[0.875:0.125]
452,[71],[1.0]
453,[70:56],[0.625:0.375]
454,[8],[1.0]
455,[74],[1.0]
456,[69],[1.0]
457,[56],[1.0]
458,[8],[1.0]
459,[90],[1.0]
460,[8],[1.0]
461,[14],[1.0]
462,[79],[1.0]
463,[22],[1.0]
464,[91],[1.0]
465,[88],[1.0]
466,[56],[1.0]
467,[56],[1.0]
468,[92],[1.0]
469,[71],[1.0]
470,[5],[1.0]
471,[8],[1.0]
472,[90],[1.0]
473,[51],[1.0]
474,[8],[1.0]
475,[8],[1.0]
476,[46],[1.0]
477,[8],[1.0]
478,[92],[1.0]
479,[70],[1.0]
480,[14],[1.0]
481,[8],[1.0]
482,[48],[1.0]
483,[8],[1.0]
484,[61],[1.0]
485,[86],[1.0]
486,[14],[1.0]
487,[56],[1.0]
488,[79],[1.0]
489,[56],[1.0]
490,[70],[1.0]
491,[90],[1.0]
492,[90],[1.0]
493,[14],[1.0]
494,[8],[1.0]
495,[56],[1.0]
496,[90],[1.0]
497,[56],[1.0]
498,[14],[1.0]
499,[17],[1.0]
500,[8],[1.0]
501,[86],[1.0]
502,[54],[1.0]
503,[91],[1.0]
504,[16],[1.0]
505,[8],[1.0]
506,[90],[1.0]
507,[8],[1.0]
508,[61:90],[0.875:0.125]
509,[56],[1.0]
510,[47],[1.0]
511,[56],[1.0]
512,[93],[1.0]
513,[8],[1.0]
514,[43],[1.0]
515,[90],[1.0]
516,[88],[1.0]
517,[8],[1.0]
518,[25],[1.0]
519,[69],[1.0]
520,[61],[1.0]
521,[14],[1.0]
522,[14],[1.0]
523,[74],[1.0]
524,[90],[1.0]
525,[2],[1.0]
526,[74],[1.0]
527,[18],[1.0]
528,[86],[1.0]
529,[61],[1.0]
530,[90],[1.0]
531,[64:21],[0.5:0.5]
532,[8],[1.0]
533,[74],[1.0]
534,[90],[1.0]
535,[8],[1.0]
536,[8],[1.0]
537,[8],[1.0]
538,[90],[1.0]
539,[56],[1.0]
540,[48],[1.0]
541,[25],[1.0]
542,[37],[1.0]
543,[94],[1.0]
544,[8],[1.0]
545,[61:90],[0.75:0.25]
546,[8],[1.0]
547,[48],[1.0]
548,[56],[1.0]
549,[90],[1.0]
550,[61],[1.0]
551,[90],[1.0]
552,[11],[1.0]
553,[56],[1.0]
554,[92:28],[0.75:0.25]
555,[8],[1.0]
556,[8],[1.0]
557,[8:71],[0.625:0.375]
558,[25],[1.0]
559,[7],[1.0]
560,[69],[1.0]
561,[8],[1.0]
562,[37],[1.0]
563,[90],[1.0]
564,[8],[1.0]
565,[11],[1.0]
566,[94],[1.0]
567,[90],[1.0]
568,[8],[1.0]
569,[14],[1.0]
570,[18],[1.0]
571,[69],[1.0]
572,[90],[1.0]
573,[56],[1.0]
574,[8],[1.0]
575,[56],[1.0]
576,[90],[1.0]
577,[8],[1.0]
578,[8],[1.0]
579,[56],[1.0]
580,[8],[1.0]
581,[8],[1.0]
582,[92],[1.0]
583,[37],[1.0]
584,[90],[1.0]
585,[41],[1.0]
586,[56],[1.0]
587,[8],[1.0]
588,[41],[1.0]
589,[46],[1.0]
590,[37],[1.0]
591,[61],[1.0]
592,[62],[1.0]
593,[8],[1.0]
594,[8],[1.0]
595,[48],[1.0]
596,[8],[1.0]
597,[90],[1.0]
598,[83],[1.0]
599,[14],[1.0]
600,[8],[1.0]
601,[40],[1.0]
602,[8],[1.0]
603,[8],[1.0]
604,[79],[1.0]
605,[14],[1.0]
606,[67],[1.0]
607,[54],[1.0]
608,[87],[1.0]
609,[91],[1.0]
610,[8],[1.0]
611,[92],[1.0]
612,[40],[1.0]
613,[46],[1.0]
614,[40],[1.0]
615,[4],[1.0]
616,[8],[1.0]
617,[56],[1.0]
618,[38],[1.0]
619,[90],[1.0]
620,[85],[1.0]
621,[71],[1.0]
622,[43],[1.0]
623,[90],[1.0]
624,[14],[1.0]
625,[71],[1.0]
626,[8],[1.0]
627,[90],[1.0]
628,[88],[1.0]
629,[47],[1.0]
630,[61],[1.0]
631,[83],[1.0]
632,[8],[1.0]
633,[83],[1.0]
634,[48],[1.0]
635,[91],[1.0]
636,[8],[1.0]
637,[86],[1.0]
638,[86],[1.0]
639,[8],[1.0]
640,[8],[1.0]
641,[8],[1.0]
642,[9],[1.0]
643,[65:87],[0.75:0.25]
644,[74],[1.0]
645,[86],[1.0]
646,[56],[1.0]
647,[62],[1.0]
648,[8],[1.0]
649,[43],[1.0]
650,[8],[1.0]
651,[0],[1.0]
652,[8],[1.0]
653,[8],[1.0]
654,[33],[1.0]
655,[90],[1.0]
656,[8],[1.0]
657,[62],[1.0]
658,[16],[1.0]
659,[7],[1.0]
660,[71],[1.0]
661,[5],[1.0]
662,[37],[1.0]
663,[8],[1.0]
664,[17],[1.0]
665,[87],[1.0]
666,[18],[1.0]
667,[37],[1.0]
668,[21],[1.0]
669,[51],[1.0]
670,[52],[1.0]
671,[8],[1.0]
672,[14:40],[0.625:0.375]
673,[8],[1.0]
674,[14],[1.0]
675,[14],[1.0]
676,[17],[1.0]
677,[94],[1.0]
678,[56],[1.0]
679,[14],[1.0]
680,[47],[1.0]
681,[8],[1.0]
682,[46],[1.0]
683,[70],[1.0]
684,[90],[1.0]
685,[7],[1.0]
686,[90],[1.0]
687,[74],[1.0]
688,[74],[1.0]
689,[90],[1.0]
690,[92],[1.0]
691,[37],[1.0]
692,[48],[1.0]
693,[8],[1.0]
694,[25],[1.0]
695,[33],[1.0]
696,[14],[1.0]
697,[28],[1.0]
698,[14],[1.0]
699,[8],[1.0]
700,[18],[1.0]
701,[22:32],[0.625:0.375]
702,[8],[1.0]
703,[92],[1.0]
704,[8],[1.0]
705,[71],[1.0]
706,[8],[1.0]
707,[2],[1.0]
708,[86:14],[0.75:0.25]
709,[70],[1.0]
710,[54],[1.0]
711,[8],[1.0]
712,[90],[1.0]
713,[91],[1.0]
714,[67],[1.0]
715,[17],[1.0]
716,[8],[1.0]
717,[90],[1.0]
718,[90],[1.0]
719,[88],[1.0]
720,[66],[1.0]
721,[8],[1.0]
722,[56],[1.0]
723,[90],[1.0]
724,[33],[1.0]
725,[25],[1.0]
726,[5],[1.0]
727,[45],[1.0]
728,[54],[1.0]
729,[40:49],[0.625:0.375]
730,[70],[1.0]
731,[8],[1.0]
732,[56],[1.0]
733,[61],[1.0]
734,[8],[1.0]
735,[8],[1.0]
736,[41],[1.0]
737,[21],[1.0]
738,[56],[1.0]
739,[69],[1.0]
740,[93],[1.0]
741,[16],[1.0]
742,[75:22:9],[0.5:0.375:0.125]
743,[45],[1.0]
744,[8],[1.0]
745,[96],[1.0]
746,[14],[1.0]
747,[90],[1.0]
748,[8],[1.0]
749,[8],[1.0]
750,[22],[1.0]
751,[22],[1.0]
752,[89],[1.0]
753,[55:11:8],[0.375:0.375:0.25]
754,[86],[1.0]
755,[90],[1.0]
756,[91],[1.0]
757,[8],[1.0]
758,[17],[1.0]
759,[33],[1.0]
760,[3],[1.0]
761,[55],[1.0]
762,[15],[1.0]
763,[75],[1.0]
764,[19],[1.0]
765,[14:40],[0.75:0.25]
766,[56],[1.0]
767,[86],[1.0]
768,[8],[1.0]
769,[90],[1.0]
770,[14],[1.0]
771,[45],[1.0]
772,[91],[1.0]
773,[8],[1.0]
774,[0],[1.0]
775,[75:66],[0.625:0.375]
776,[49],[1.0]
777,[8],[1.0]
778,[56],[1.0]
779,[70],[1.0]
780,[8],[1.0]
781,[90],[1.0]
782,[80],[1.0]
783,[55],[1.0]
784,[8],[1.0]
785,[62],[1.0]
786,[14],[1.0]
787,[90],[1.0]
788,[90],[1.0]
789,[8],[1.0]
790,[32],[1.0]
791,[2],[1.0]
792,[85],[1.0]
793,[14],[1.0]
794,[87],[1.0]
795,[74],[1.0]
796,[13],[1.0]
797,[33],[1.0]
798,[8],[1.0]
799,[71],[1.0]
800,[90],[1.0]
801,[83],[1.0]
802,[60],[1.0]
803,[8],[1.0]
804,[62],[1.0]
805,[8],[1.0]
806,[92],[1.0]
807,[33],[1.0]
808,[70:56],[0.75:0.25]
809,[22],[1.0]
810,[8],[1.0]
811,[19],[1.0]
812,[14],[1.0]
813,[8],[1.0]
814,[37],[1.0]
815,[32],[1.0]
816,[53:59],[0.875:0.125]
817,[5],[1.0]
818,[84],[1.0]
819,[69],[1.0]
820,[18],[1.0]
821,[75],[1.0]
822,[7],[1.0]
823,[14],[1.0]
824,[86:14:31],[0.375:0.375:0.25]
825,[8],[1.0]
826,[10],[1.0]
827,[94],[1.0]
828,[92],[1.0]
829,[8],[1.0]
830,[57],[1.0]
831,[8],[1.0]
832,[8],[1.0]
833,[70:56],[0.5:0.5]
834,[52],[1.0]
835,[54],[1.0]
836,[90],[1.0]
837,[14],[1.0]
838,[90],[1.0]
839,[34],[1.0]
840,[33],[1.0]
841,[61],[1.0]
842,[14],[1.0]
843,[8],[1.0]
844,[8],[1.0]
845,[14],[1.0]
846,[39:88],[0.875:0.125]
847,[48],[1.0]
848,[92],[1.0]
849,[90],[1.0]
850,[34],[1.0]
851,[14],[1.0]
852,[62],[1.0]
853,[9],[1.0]
854,[92],[1.0]
855,[90],[1.0]
856,[5],[1.0]
857,[79],[1.0]
858,[94:61],[0.75:0.25]
859,[8],[1.0]
860,[25],[1.0]
861,[14],[1.0]
862,[91],[1.0]
863,[32],[1.0]
864,[54],[1.0]
865,[56],[1.0]
866,[86],[1.0]
867,[8],[1.0]
868,[9],[1.0]
869,[41],[1.0]
870,[22],[1.0]
871,[8],[1.0]
872,[8],[1.0]
873,[81],[1.0]
874,[14],[1.0]
875,[8],[1.0]
876,[90],[1.0]
877,[9],[1.0]
878,[8],[1.0]
879,[8],[1.0]
880,[87],[1.0]
881,[0:12],[0.75:0.25]
882,[25],[1.0]
883,[37],[1.0]
884,[56],[1.0]
885,[51],[1.0]
886,[8],[1.0]
887,[8],[1.0]
888,[3],[1.0]
889,[8],[1.0]
890,[56],[1.0]
891,[70],[1.0]
892,[54],[1.0]
893,[90],[1.0]
894,[8],[1.0]
895,[45],[1.0]
896,[54],[1.0]
897,[45],[1.0]
898,[0],[1.0]
899,[8],[1.0]
900,[60],[1.0]
901,[45],[1.0]
902,[51],[1.0]
903,[54],[1.0]
904,[53],[1.0]
905,[81],[1.0]
906,[8],[1.0]
907,[8],[1.0]
908,[11],[1.0]
909,[39:88],[0.625:0.375]
910,[5],[1.0]
911,[16],[1.0]
912,[17],[1.0]
913,[54],[1.0]
914,[15],[1.0]
915,[8],[1.0]
916,[8],[1.0]
917,[33],[1.0]
918,[8],[1.0]
919,[5],[1.0]
920,[8],[1.0]
921,[75],[1.0]
922,[56],[1.0]
923,[32],[1.0]
924,[82:89],[0.875:0.125]
925,[21],[1.0]
926,[40:14],[0.625:0.375]
927,[8],[1.0]
928,[8],[1.0]
929,[5],[1.0]
930,[90],[1.0]
931,[5],[1.0]
932,[37],[1.0]
933,[41],[1.0]
934,[8],[1.0]
935,[7],[1.0]
936,[90],[1.0]
937,[90],[1.0]
938,[14],[1.0]
939,[8],[1.0]
940,[8],[1.0]
941,[83],[1.0]
942,[8],[1.0]
943,[8],[1.0]
944,[8],[1.0]
945,[56],[1.0]
946,[8],[1.0]
947,[87],[1.0]
948,[32],[1.0]
949,[8],[1.0]
950,[70],[1.0]
951,[90],[1.0]
952,[17],[1.0]
953,[61:90],[0.875:0.125]
954,[61:90],[0.75:0.25]
955,[91],[1.0]
956,[16],[1.0]
957,[19],[1.0]
958,[49],[1.0]
959,[54],[1.0]
960,[22],[1.0]
961,[70],[1.0]
962,[66],[1.0]
963,[19],[1.0]
964,[90:61],[0.875:0.125]
965,[91],[1.0]
966,[8],[1.0]
967,[56],[1.0]
968,[22],[1.0]
969,[14:86],[0.75:0.25]
970,[90],[1.0]
971,[8],[1.0]
972,[71],[1.0]
973,[70],[1.0]
974,[8],[1.0]
975,[88],[1.0]
976,[14],[1.0]
977,[14],[1.0]
978,[8],[1.0]
979,[38],[1.0]
980,[61:90],[0.875:0.125]
981,[8],[1.0]
982,[38],[1.0]
983,[56],[1.0]
984,[56],[1.0]
985,[40],[1.0]
986,[90],[1.0]
987,[8],[1.0]
988,[7],[1.0]
989,[14],[1.0]
990,[11],[1.0]
991,[90],[1.0]
992,[16],[1.0]
993,[75],[1.0]
994,[14],[1.0]
995,[19],[1.0]
996,[8],[1.0]
997,[8],[1.0]
998,[56],[1.0]
999,[92],[1.0]
1000,[16],[1.0]
1001,[47:32],[0.75:0.25]
1002,[14],[1.0]
1003,[90],[1.0]
1004,[71],[1.0]
1005,[21],[1.0]
1006,[84],[1.0]
1007,[64:21],[0.875:0.125]
1008,[92],[1.0]
1009,[92],[1.0]
1010,[91],[1.0]
1011,[8],[1.0]
1012,[56],[1.0]
1013,[37],[1.0]
1014,[8],[1.0]
1015,[86],[1.0]
1016,[14:40],[0.75:0.25]
1017,[24],[1.0]
1018,[83],[1.0]
1019,[8],[1.0]
1020,[16],[1.0]
1021,[8],[1.0]
1022,[91],[1.0]
1023,[90],[1.0]
1024,[61],[1.0]
1025,[15],[1.0]
1026,[90],[1.0]
1027,[8],[1.0]
1028,[61],[1.0]
1029,[41],[1.0]
1030,[61],[1.0]
1031,[14],[1.0]
1032,[74],[1.0]
1033,[56],[1.0]
1034,[64],[1.0]
1035,[8],[1.0]
1036,[5],[1.0]
1037,[8],[1.0]
1038,[61],[1.0]
1039,[8],[1.0]
1040,[0],[1.0]
1041,[0],[1.0]
1042,[56],[1.0]
1043,[8],[1.0]
1044,[54],[1.0]
1045,[22],[1.0]
1046,[25],[1.0]
1047,[8],[1.0]
1048,[90],[1.0]
1049,[71],[1.0]
1050,[56],[1.0]
1051,[18],[1.0]
1052,[14],[1.0]
1053,[56],[1.0]
1054,[25],[1.0]
1055,[8],[1.0]
1056,[86],[1.0]
1057,[8],[1.0]
1058,[90],[1.0]
1059,[11],[1.0]
1060,[86],[1.0]
1061,[79],[1.0]
1062,[61],[1.0]
1063,[56],[1.0]
1064,[90],[1.0]
1065,[40],[1.0]
1066,[80:34],[0.5:0.5]
1067,[71],[1.0]
1068,[70],[1.0]
1069,[5],[1.0]
1070,[56],[1.0]
1071,[8],[1.0]
1072,[90],[1.0]
1073,[79:56],[0.5:0.5]
1074,[33],[1.0]
1075,[79:56],[0.875:0.125]
1076,[8],[1.0]
1077,[90],[1.0]
1078,[38],[1.0]
1079,[14:40],[0.875:0.125]
1080,[90],[1.0]
1081,[59],[1.0]
1082,[53],[1.0]
1083,[90],[1.0]
1084,[14],[1.0]
1085,[45],[1.0]
1086,[37],[1.0]
1087,[8],[1.0]
1088,[8],[1.0]
1089,[56],[1.0]
1090,[90],[1.0]
1091,[16],[1.0]
1092,[8],[1.0]
1093,[71],[1.0]
1094,[8],[1.0]
1095,[90],[1.0]
1096,[8],[1.0]
1097,[38],[1.0]
1098,[90],[1.0]
1099,[75],[1.0]
1100,[70:56],[0.875:0.125]
1101,[48],[1.0]
1102,[9],[1.0]
1103,[9],[1.0]
1104,[8],[1.0]
1105,[85],[1.0]
1106,[17],[1.0]
1107,[56],[1.0]
1108,[21],[1.0]
1109,[25],[1.0]
1110,[56],[1.0]
1111,[22],[1.0]
1112,[8],[1.0]
1113,[8],[1.0]
1114,[88],[1.0]
1115,[87],[1.0]
1116,[8],[1.0]
1117,[8],[1.0]
1118,[80:56],[0.625:0.375]
1119,[8],[1.0]
1120,[51],[1.0]
1121,[14],[1.0]
1122,[17],[1.0]
1123,[8],[1.0]
1124,[8],[1.0]
1125,[41],[1.0]
1126,[16],[1.0]
1127,[71],[1.0]
1128,[8],[1.0]
1129,[56:70],[0.875:0.125]
1130,[66],[1.0]
1131,[56],[1.0]
1132,[14],[1.0]
1133,[59],[1.0]
1134,[33],[1.0]
1135,[18],[1.0]
1136,[48],[1.0]
1137,[16],[1.0]
1138,[66],[1.0]
1139,[8],[1.0]
1140,[8],[1.0]
1141,[74],[1.0]
1142,[90],[1.0]
1143,[41],[1.0]
1144,[79],[1.0]
1145,[4],[1.0]
1146,[86],[1.0]
1147,[62],[1.0]
1148,[91],[1.0]
1149,[56],[1.0]
1150,[0],[1.0]
1151,[21],[1.0]
1152,[90],[1.0]
1153,[90],[1.0]
1154,[5],[1.0]
1155,[81],[1.0]
1156,[8],[1.0]
1157,[56],[1.0]
1158,[14],[1.0]
1159,[43],[1.0]
1160,[33],[1.0]
1161,[33],[1.0]
1162,[62],[1.0]
1163,[14:40],[0.875:0.125]
1164,[87],[1.0]
1165,[14],[1.0]
1166,[56:80:70],[0.625:0.25:0.125]
1167,[17],[1.0]
1168,[11],[1.0]
1169,[15],[1.0]
1170,[59],[1.0]
1171,[37],[1.0]
1172,[56],[1.0]
1173,[86:14],[0.5:0.5]
1174,[60],[1.0]
1175,[31],[1.0]
1176,[56],[1.0]
1177,[8],[1.0]
1178,[8],[1.0]
1179,[59],[1.0]
1180,[8],[1.0]
1181,[11],[1.0]
1182,[88],[1.0]
1183,[70],[1.0]
1184,[90],[1.0]
1185,[74],[1.0]
1186,[14],[1.0]
1187,[91],[1.0]
1188,[56],[1.0]
1189,[8],[1.0]
1190,[90],[1.0]
1191,[8],[1.0]
1192,[49:14],[0.875:0.125]
1193,[34],[1.0]
1194,[56],[1.0]
1195,[70:56],[0.625:0.375]
1196,[14],[1.0]
1197,[45],[1.0]
1198,[32:47],[0.875:0.125]
1199,[92],[1.0]
1200,[25],[1.0]
1201,[86],[1.0]
1202,[8],[1.0]
1203,[8],[1.0]
1204,[90],[1.0]
1205,[22],[1.0]
1206,[83],[1.0]
1207,[19],[1.0]
1208,[48],[1.0]
1209,[52],[1.0]
1210,[21],[1.0]
1211,[15],[1.0]
1212,[53],[1.0]
1213,[8],[1.0]
1214,[8],[1.0]
1215,[8],[1.0]
1216,[8],[1.0]
1217,[33],[1.0]
1218,[8],[1.0]
1219,[56],[1.0]
1220,[14],[1.0]
1221,[8],[1.0]
1222,[41],[1.0]
1223,[54],[1.0]
1224,[15],[1.0]
1225,[8],[1.0]
1226,[70],[1.0]
1227,[45],[1.0]
1228,[8],[1.0]
1229,[8],[1.0]
1230,[8],[1.0]
1231,[74],[1.0]
1232,[83],[1.0]
1233,[74],[1.0]
1234,[14],[1.0]
1235,[17],[1.0]
1236,[18:81],[0.625:0.375]
1237,[15],[1.0]
1238,[8],[1.0]
1239,[85],[1.0]
1240,[56],[1.0]
1241,[90],[1.0]
1242,[25],[1.0]
1243,[8],[1.0]
1244,[69],[1.0]
1245,[21],[1.0]
1246,[51],[1.0]
1247,[14],[1.0]
1248,[90],[1.0]
1249,[14],[1.0]
1250,[53],[1.0]
1251,[39],[1.0]
1252,[92],[1.0]
1253,[8],[1.0]
1254,[56],[1.0]
1255,[75],[1.0]
1256,[90],[1.0]
1257,[90],[1.0]
1258,[90],[1.0]
1259,[56],[1.0]
1260,[87],[1.0]
1261,[8],[1.0]
1262,[7],[1.0]
1263,[90:61],[0.5:0.5]
1264,[85],[1.0]
1265,[90],[1.0]
1266,[17],[1.0]
1267,[56],[1.0]
1268,[40],[1.0]
1269,[16],[1.0]
1270,[15],[1.0]
1271,[90],[1.0]
1272,[74],[1.0]
1273,[66],[1.0]
1274,[56],[1.0]
1275,[14],[1.0]
1276,[70:56],[0.875:0.125]
1277,[56],[1.0]
1278,[79:34],[0.875:0.125]
1279,[56],[1.0]
1280,[56],[1.0]
1281,[8],[1.0]
1282,[8],[1.0]
1283,[90],[1.0]
1284,[8],[1.0]
1285,[86],[1.0]
1286,[31:86],[0.625:0.375]
1287,[45],[1.0]
1288,[56],[1.0]
1289,[13],[1.0]
1290,[56],[1.0]
1291,[86],[1.0]
1292,[88],[1.0]
1293,[54],[1.0]
1294,[8],[1.0]
1295,[8],[1.0]
1296,[54],[1.0]
1297,[71],[1.0]
1298,[14],[1.0]
1299,[61],[1.0]
1300,[8],[1.0]
1301,[93],[1.0]
1302,[37],[1.0]
1303,[14],[1.0]
1304,[8],[1.0]
1305,[61],[1.0]
1306,[8],[1.0]
1307,[83],[1.0]
1308,[90],[1.0]
1309,[56],[1.0]
1310,[8],[1.0]
1311,[32],[1.0]
1312,[8],[1.0]
1313,[90],[1.0]
1314,[8],[1.0]
1315,[8],[1.0]
1316,[90],[1.0]
1317,[22],[1.0]
1318,[41],[1.0]
1319,[62],[1.0]
1320,[8],[1.0]
1321,[8],[1.0]
1322,[56],[1.0]
1323,[8],[1.0]
1324,[16],[1.0]
1325,[8],[1.0]
1326,[56],[1.0]
1327,[69],[1.0]
1328,[35],[1.0]
1329,[8],[1.0]
1330,[85],[1.0]
1331,[79],[1.0]
1332,[90],[1.0]
1333,[81],[1.0]
1334,[90],[1.0]
1335,[14],[1.0]
1336,[86],[1.0]
1337,[8],[1.0]
1338,[8],[1.0]
1339,[71],[1.0]
1340,[75],[1.0]
1341,[90],[1.0]
1342,[56],[1.0]
1343,[0],[1.0]
1344,[14],[1.0]
1345,[14],[1.0]
1346,[8],[1.0]
1347,[74],[1.0]
1348,[5],[1.0]
1349,[8],[1.0]
1350,[8],[1.0]
1351,[56],[1.0]
1352,[16],[1.0]
1353,[88],[1.0]
1354,[8],[1.0]
1355,[38],[1.0]
1356,[14],[1.0]
1357,[37],[1.0]
1358,[8],[1.0]
1359,[14:40],[0.875:0.125]
1360,[8],[1.0]
1361,[54],[1.0]
1362,[66],[1.0]
1363,[8],[1.0]
1364,[33],[1.0]
1365,[90],[1.0]
1366,[90],[1.0]
1367,[41],[1.0]
1368,[5],[1.0]
1369,[29],[1.0]
1370,[33],[1.0]
1371,[81],[1.0]
1372,[92],[1.0]
1373,[56],[1.0]
1374,[61],[1.0]
1375,[14],[1.0]
1376,[19],[1.0]
1377,[85],[1.0]
1378,[0],[1.0]
1379,[56],[1.0]
1380,[53],[1.0]
1381,[51],[1.0]
1382,[46],[1.0]
1383,[25],[1.0]
1384,[8],[1.0]
1385,[91],[1.0]
1386,[8],[1.0]
1387,[8],[1.0]
1388,[40],[1.0]
1389,[14:38],[0.75:0.25]
1390,[17],[1.0]
1391,[11],[1.0]
1392,[51],[1.0]
1393,[90],[1.0]
1394,[8],[1.0]
1395,[83],[1.0]
1396,[19],[1.0]
1397,[29:33],[0.875:0.125]
1398,[8],[1.0]
1399,[14],[1.0]
1400,[56],[1.0]
1401,[16],[1.0]
1402,[8],[1.0]
1403,[28:60],[0.875:0.125]
1404,[41],[1.0]
1405,[54],[1.0]
1406,[79],[1.0]
1407,[90],[1.0]
1408,[8],[1.0]
1409,[15],[1.0]
1410,[56],[1.0]
1411,[55],[1.0]
1412,[16],[1.0]
1413,[70:56],[0.75:0.25]
1414,[8],[1.0]
1415,[41],[1.0]
1416,[61],[1.0]
1417,[69],[1.0]
1418,[57],[1.0]
1419,[79],[1.0]
1420,[33],[1.0]
1421,[14],[1.0]
1422,[14],[1.0]
1423,[75],[1.0]
1424,[8],[1.0]
1425,[14],[1.0]
1426,[8],[1.0]
1427,[70],[1.0]
1428,[61:90],[0.75:0.25]
1429,[56],[1.0]
1430,[7],[1.0]
1431,[8],[1.0]
1432,[7],[1.0]
1433,[16],[1.0]
1434,[83],[1.0]
1435,[90],[1.0]
1436,[0],[1.0]
1437,[8],[1.0]
1438,[14],[1.0]
1439,[56],[1.0]
1440,[17],[1.0]
1441,[0],[1.0]
1442,[90],[1.0]
1443,[70],[1.0]
1444,[8],[1.0]
1445,[70],[1.0]
1446,[14],[1.0]
1447,[8],[1.0]
1448,[25],[1.0]
1449,[33],[1.0]
1450,[17],[1.0]
1451,[8],[1.0]
1452,[8],[1.0]
1453,[52],[1.0]
1454,[94],[1.0]
1455,[5],[1.0]
1456,[14],[1.0]
1457,[37],[1.0]
1458,[22],[1.0]
1459,[40:49:14],[0.75:0.125:0.125]
1460,[15],[1.0]
1461,[41:43],[0.875:0.125]
1462,[10],[1.0]
1463,[90],[1.0]
1464,[8],[1.0]
1465,[9],[1.0]
1466,[8],[1.0]
1467,[8],[1.0]
1468,[75],[1.0]
1469,[8],[1.0]
1470,[51:8],[0.625:0.375]
1471,[8],[1.0]
1472,[90],[1.0]
1473,[62],[1.0]
1474,[59],[1.0]
1475,[33],[1.0]
1476,[34],[1.0]
1477,[56],[1.0]
1478,[14],[1.0]
1479,[8],[1.0]
1480,[8],[1.0]
1481,[8],[1.0]
1482,[8],[1.0]
1483,[18],[1.0]
1484,[16],[1.0]
1485,[60],[1.0]
1486,[56],[1.0]
1487,[61],[1.0]
1488,[59],[1.0]
1489,[14],[1.0]
1490,[56],[1.0]
1491,[16],[1.0]
1492,[8],[1.0]
1493,[90],[1.0]
1494,[56],[1.0]
1495,[17],[1.0]
1496,[90],[1.0]
1497,[54],[1.0]
1498,[87],[1.0]
1499,[56],[1.0]
1500,[8],[1.0]
1501,[62],[1.0]
1502,[0],[1.0]
1503,[8],[1.0]
1504,[62],[1.0]
1505,[5],[1.0]
1506,[56],[1.0]
1507,[70],[1.0]
1508,[90],[1.0]
1509,[14],[1.0]
1510,[8],[1.0]
1511,[8],[1.0]
1512,[8],[1.0]
1513,[8],[1.0]
1514,[16],[1.0]
1515,[11],[1.0]
1516,[70],[1.0]
1517,[16],[1.0]
1518,[8],[1.0]
1519,[38],[1.0]
1520,[60],[1.0]
1521,[8],[1.0]
1522,[54],[1.0]
1523,[9],[1.0]
1524,[90],[1.0]
1525,[8],[1.0]
1526,[56],[1.0]
1527,[8],[1.0]
1528,[54],[1.0]
1529,[61],[1.0]
1530,[15],[1.0]
1531,[8],[1.0]
1532,[38],[1.0]
1533,[14],[1.0]
1534,[56],[1.0]
1535,[86],[1.0]
1536,[56],[1.0]
1537,[21],[1.0]
1538,[85],[1.0]
1539,[23],[1.0]
1540,[8],[1.0]
1541,[51],[1.0]
1542,[0],[1.0]
1543,[91],[1.0]
1544,[54],[1.0]
1545,[8],[1.0]
1546,[56],[1.0]
1547,[90],[1.0]
1548,[8],[1.0]
1549,[61],[1.0]
1550,[51],[1.0]
1551,[62],[1.0]
1552,[91],[1.0]
1553,[8],[1.0]
1554,[56],[1.0]
1555,[21],[1.0]
1556,[91],[1.0]
1557,[90],[1.0]
1558,[8],[1.0]
1559,[35],[1.0]
1560,[56],[1.0]
1561,[90:61],[0.875:0.125]
1562,[8],[1.0]
1563,[8],[1.0]
1564,[8],[1.0]
1565,[8],[1.0]
1566,[56],[1.0]
1567,[86],[1.0]
1568,[56],[1.0]
1569,[37],[1.0]
1570,[70],[1.0]
1571,[39],[1.0]
1572,[9],[1.0]
1573,[8],[1.0]
1574,[56],[1.0]
1575,[56],[1.0]
1576,[15],[1.0]
1577,[37],[1.0]
1578,[51],[1.0]
1579,[90],[1.0]
1580,[37],[1.0]
1581,[8],[1.0]
1582,[8],[1.0]
1583,[56],[1.0]
1584,[9],[1.0]
1585,[8],[1.0]
1586,[8],[1.0]
1587,[66],[1.0]
1588,[8],[1.0]
1589,[90],[1.0]
1590,[91],[1.0]
1591,[56],[1.0]
1592,[56],[1.0]
1593,[70],[1.0]
1594,[51],[1.0]
1595,[48],[1.0]
1596,[90],[1.0]
1597,[69],[1.0]
1598,[14],[1.0]
1599,[8],[1.0]
1600,[8],[1.0]
1601,[8],[1.0]
1602,[56],[1.0]
1603,[8],[1.0]
1604,[8],[1.0]
1605,[8],[1.0]
1606,[8],[1.0]
1607,[33],[1.0]
1608,[86],[1.0]
1609,[87],[1.0]
1610,[32],[1.0]
1611,[83],[1.0]
1612,[0],[1.0]
1613,[61:90],[0.625:0.375]
1614,[17],[1.0]
1615,[40],[1.0]
1616,[90],[1.0]
1617,[74],[1.0]
1618,[8],[1.0]
1619,[56],[1.0]
1620,[8],[1.0]
1621,[79],[1.0]
1622,[86],[1.0]
1623,[5],[1.0]
1624,[0],[1.0]
1625,[45],[1.0]
1626,[61:90],[0.625:0.375]
1627,[33],[1.0]
1628,[8],[1.0]
1629,[86],[1.0]
1630,[41],[1.0]
1631,[79],[1.0]
1632,[90],[1.0]
1633,[8],[1.0]
1634,[8],[1.0]
1635,[56],[1.0]
1636,[47],[1.0]
1637,[8],[1.0]
1638,[8],[1.0]
1639,[83],[1.0]
1640,[8],[1.0]
1641,[90],[1.0]
1642,[8],[1.0]
1643,[70:56],[0.75:0.25]
1644,[61],[1.0]
1645,[8],[1.0]
1646,[56],[1.0]
1647,[74],[1.0]
1648,[16],[1.0]
1649,[33],[1.0]
1650,[8],[1.0]
1651,[8],[1.0]
1652,[34:70],[0.875:0.125]
1653,[8],[1.0]
1654,[8],[1.0]
1655,[41],[1.0]
1656,[92],[1.0]
1657,[56],[1.0]
1658,[51],[1.0]
1659,[14],[1.0]
1660,[8],[1.0]
1661,[71],[1.0]
1662,[40],[1.0]
1663,[56],[1.0]
1664,[75],[1.0]
1665,[62],[1.0]
1666,[90],[1.0]
1667,[56],[1.0]
1668,[18],[1.0]
1669,[71],[1.0]
1670,[90],[1.0]
1671,[8],[1.0]
1672,[83],[1.0]
1673,[74],[1.0]
1674,[4:62],[0.875:0.125]
1675,[90],[1.0]
1676,[56:79],[0.875:0.125]
1677,[90],[1.0]
1678,[62],[1.0]
1679,[14],[1.0]
1680,[90],[1.0]
1681,[61],[1.0]
1682,[8],[1.0]
1683,[70],[1.0]
1684,[40],[1.0]
1685,[14],[1.0]
1686,[5],[1.0]
1687,[8],[1.0]
1688,[0],[1.0]
1689,[8],[1.0]
1690,[14],[1.0]
1691,[14],[1.0]
1692,[86],[1.0]
1693,[87],[1.0]
1694,[90:61],[0.875:0.125]
1695,[54],[1.0]
1696,[91],[1.0]
1697,[14],[1.0]
1698,[8],[1.0]
1699,[16],[1.0]
1700,[25],[1.0]
1701,[90],[1.0]
1702,[56],[1.0]
1703,[88],[1.0]
1704,[8],[1.0]
1705,[8],[1.0]
1706,[61],[1.0]
1707,[8],[1.0]
1708,[8],[1.0]
1709,[8],[1.0]
1710,[56],[1.0]
1711,[0],[1.0]
1712,[8],[1.0]
1713,[42],[1.0]
1714,[33],[1.0]
1715,[90],[1.0]
1716,[79],[1.0]
1717,[70],[1.0]
1718,[56],[1.0]
1719,[0],[1.0]
1720,[60],[1.0]
1721,[8],[1.0]
1722,[8],[1.0]
1723,[22],[1.0]
1724,[59],[1.0]
1725,[92],[1.0]
1726,[85],[1.0]
1727,[21:64],[0.75:0.25]
1728,[80],[1.0]
1729,[8],[1.0]
1730,[8],[1.0]
1731,[90],[1.0]
1732,[56:70],[0.625:0.375]
1733,[56],[1.0]
1734,[8],[1.0]
1735,[47],[1.0]
1736,[22],[1.0]
1737,[8],[1.0]
1738,[93],[1.0]
1739,[14],[1.0]
1740,[8],[1.0]
1741,[61:90],[0.875:0.125]
1742,[8],[1.0]
1743,[8],[1.0]
1744,[49:86],[0.875:0.125]
1745,[19],[1.0]
1746,[8],[1.0]
1747,[41],[1.0]
1748,[14],[1.0]
1749,[71],[1.0]
1750,[74],[1.0]
1751,[91],[1.0]
1752,[11],[1.0]
1753,[90],[1.0]
1754,[5],[1.0]
1755,[56],[1.0]
1756,[74],[1.0]
1757,[64:21],[0.875:0.125]
1758,[14],[1.0]
1759,[80:56],[0.75:0.25]
1760,[14],[1.0]
1761,[70],[1.0]
1762,[8],[1.0]
1763,[96],[1.0]
1764,[74],[1.0]
1765,[90],[1.0]
1766,[14],[1.0]
1767,[9],[1.0]
1768,[59],[1.0]
1769,[37],[1.0]
1770,[8],[1.0]
1771,[17],[1.0]
1772,[90],[1.0]
1773,[56],[1.0]
1774,[8],[1.0]
1775,[14],[1.0]
1776,[8],[1.0]
1777,[5],[1.0]
1778,[86],[1.0]
1779,[32],[1.0]
1780,[90],[1.0]
1781,[94],[1.0]
1782,[8],[1.0]
1783,[41],[1.0]
1784,[8],[1.0]
1785,[14],[1.0]
1786,[91],[1.0]
1787,[66],[1.0]
1788,[56],[1.0]
1789,[43],[1.0]
1790,[74],[1.0]
1791,[8],[1.0]
1792,[55],[1.0]
1793,[8],[1.0]
1794,[90],[1.0]
1795,[52],[1.0]
1796,[61:90],[0.75:0.25]
1797,[56],[1.0]
1798,[14],[1.0]
1799,[62],[1.0]
1800,[8],[1.0]
1801,[52],[1.0]
1802,[7],[1.0]
1803,[91],[1.0]
1804,[31:86],[0.875:0.125]
1805,[83],[1.0]
1806,[92],[1.0]
1807,[62],[1.0]
1808,[8],[1.0]
1809,[75],[1.0]
1810,[8],[1.0]
1811,[8],[1.0]
1812,[86],[1.0]
1813,[25],[1.0]
1814,[71],[1.0]
1815,[69],[1.0]
1816,[8],[1.0]
1817,[25],[1.0]
1818,[62],[1.0]
1819,[90],[1.0]
1820,[56:70],[0.75:0.25]
1821,[8],[1.0]
1822,[60],[1.0]
1823,[33],[1.0]
1824,[46],[1.0]
1825,[70],[1.0]
1826,[8],[1.0]
1827,[8],[1.0]
1828,[8],[1.0]
1829,[8],[1.0]
1830,[8],[1.0]
1831,[70],[1.0]
1832,[8],[1.0]
1833,[8],[1.0]
1834,[40],[1.0]
1835,[92],[1.0]
1836,[61],[1.0]
1837,[18],[1.0]
1838,[52],[1.0]
1839,[8],[1.0]
1840,[3],[1.0]
1841,[69],[1.0]
1842,[47],[1.0]
1843,[14],[1.0]
1844,[56],[1.0]
1845,[8],[1.0]
1846,[8],[1.0]
1847,[45],[1.0]
1848,[61],[1.0]
1849,[56],[1.0]
1850,[17],[1.0]
1851,[90],[1.0]
1852,[21],[1.0]
1853,[56:70],[0.75:0.25]
1854,[8:90],[0.75:0.25]
1855,[9],[1.0]
1856,[91],[1.0]
1857,[87],[1.0]
1858,[15],[1.0]
1859,[90],[1.0]
1860,[8],[1.0]
1861,[54],[1.0]
1862,[8],[1.0]
1863,[30],[1.0]
1864,[90],[1.0]
1865,[90],[1.0]
1866,[8],[1.0]
1867,[74],[1.0]
1868,[56],[1.0]
1869,[14],[1.0]
1870,[8],[1.0]
1871,[21],[1.0]
1872,[90],[1.0]
1873,[8],[1.0]
1874,[14],[1.0]
1875,[8],[1.0]
1876,[8],[1.0]
1877,[69],[1.0]
1878,[15],[1.0]
1879,[14],[1.0]
1880,[74],[1.0]
1881,[90],[1.0]
1882,[92:28],[0.875:0.125]
1883,[24],[1.0]
1884,[8],[1.0]
1885,[41],[1.0]
1886,[8],[1.0]
1887,[21:64],[0.75:0.25]
1888,[0],[1.0]
1889,[54],[1.0]
1890,[37],[1.0]
1891,[8],[1.0]
1892,[8],[1.0]
1893,[16],[1.0]
1894,[8],[1.0]
1895,[45],[1.0]
1896,[33],[1.0]
1897,[17],[1.0]
1898,[54],[1.0]
1899,[66],[1.0]
1900,[92],[1.0]
1901,[17],[1.0]
1902,[45],[1.0]
1903,[1],[1.0]
1904,[8],[1.0]
1905,[8],[1.0]
1906,[83],[1.0]
1907,[87],[1.0]
1908,[60],[1.0]
1909,[56],[1.0]
1910,[14],[1.0]
1911,[11],[1.0]
1912,[8],[1.0]
1913,[86],[1.0]
1914,[8],[1.0]
1915,[9],[1.0]
1916,[69],[1.0]
1917,[41],[1.0]
1918,[14],[1.0]
1919,[86],[1.0]
1920,[40],[1.0]
1921,[60],[1.0]
1922,[54],[1.0]
1923,[14],[1.0]
1924,[14],[1.0]
1925,[8],[1.0]
1926,[90],[1.0]
1927,[17],[1.0]
1928,[54],[1.0]
1929,[90],[1.0]
1930,[25],[1.0]
1931,[85],[1.0]
1932,[8],[1.0]
1933,[25],[1.0]
1934,[37],[1.0]
1935,[56],[1.0]
1936,[8],[1.0]
1937,[14:40],[0.875:0.125]
1938,[28],[1.0]
1939,[8],[1.0]
1940,[90],[1.0]
1941,[90],[1.0]
1942,[7],[1.0]
1943,[8],[1.0]
1944,[49],[1.0]
1945,[47],[1.0]
1946,[16],[1.0]
1947,[14],[1.0]
1948,[0],[1.0]
1949,[79],[1.0]
1950,[14],[1.0]
1951,[74],[1.0]
1952,[90],[1.0]
1953,[25],[1.0]
1954,[11:68],[0.875:0.125]
1955,[88],[1.0]
1956,[45],[1.0]
1957,[69],[1.0]
1958,[90],[1.0]
1959,[22],[1.0]
1960,[13],[1.0]
1961,[39],[1.0]
1962,[8],[1.0]
1963,[14],[1.0]
1964,[25],[1.0]
1965,[8],[1.0]
1966,[90],[1.0]
1967,[8],[1.0]
1968,[85],[1.0]
1969,[41],[1.0]
1970,[53],[1.0]
1971,[8],[1.0]
1972,[71],[1.0]
1973,[90],[1.0]
1974,[25],[1.0]
1975,[8],[1.0]
1976,[14],[1.0]
1977,[86:14],[0.75:0.25]
1978,[8],[1.0]
1979,[53],[1.0]
1980,[90],[1.0]
1981,[8],[1.0]
1982,[90],[1.0]
1983,[8],[1.0]
1984,[74],[1.0]
1985,[6],[1.0]
1986,[8],[1.0]
1987,[5],[1.0]
1988,[8],[1.0]
1989,[79],[1.0]
1990,[8],[1.0]
1991,[8],[1.0]
1992,[32],[1.0]
1993,[40],[1.0]
1994,[62],[1.0]
1995,[8],[1.0]
1996,[8],[1.0]
1997,[43],[1.0]
1998,[88],[1.0]
1999,[8],[1.0]
2000,[56],[1.0]
2001,[45],[1.0]
2002,[8],[1.0]
2003,[67],[1.0]
2004,[56],[1.0]
2005,[56],[1.0]
2006,[66],[1.0]
2007,[47],[1.0]
2008,[74],[1.0]
2009,[56],[1.0]
2010,[14],[1.0]
2011,[60],[1.0]
2012,[91],[1.0]
2013,[40],[1.0]
2014,[8],[1.0]
2015,[74],[1.0]
2016,[62],[1.0]
2017,[90],[1.0]
2018,[8],[1.0]
2019,[8],[1.0]
2020,[14],[1.0]
2021,[81],[1.0]
2022,[8],[1.0]
2023,[8],[1.0]
2024,[56],[1.0]
2025,[92],[1.0]
2026,[69],[1.0]
2027,[25:8],[0.75:0.25]
2028,[56],[1.0]
2029,[14],[1.0]
2030,[51],[1.0]
2031,[90],[1.0]
2032,[43],[1.0]
2033,[81],[1.0]
2034,[14],[1.0]
2035,[56],[1.0]
2036,[56],[1.0]
2037,[90],[1.0]
2038,[56],[1.0]
2039,[8],[1.0]
2040,[90],[1.0]
2041,[56],[1.0]
2042,[83],[1.0]
2043,[56],[1.0]
2044,[25],[1.0]
2045,[52],[1.0]
2046,[54],[1.0]
2047,[75],[1.0]
2048,[8],[1.0]
2049,[62],[1.0]
2050,[4],[1.0]
2051,[8],[1.0]
2052,[8],[1.0]
2053,[14:86],[0.875:0.125]
2054,[16],[1.0]
2055,[8],[1.0]
2056,[8],[1.0]
2057,[60],[1.0]
2058,[8],[1.0]
2059,[83],[1.0]
2060,[8],[1.0]
2061,[90],[1.0]
2062,[56:93],[0.875:0.125]
2063,[8],[1.0]
2064,[21],[1.0]
2065,[70],[1.0]
2066,[46],[1.0]
2067,[46],[1.0]
2068,[21],[1.0]
2069,[90],[1.0]
2070,[8],[1.0]
2071,[90],[1.0]
2072,[18],[1.0]
2073,[53],[1.0]
2074,[8],[1.0]
2075,[56],[1.0]
2076,[25],[1.0]
2077,[75],[1.0]
2078,[84],[1.0]
2079,[90],[1.0]
2080,[66],[1.0]
2081,[62],[1.0]
2082,[45],[1.0]
2083,[75],[1.0]
2084,[15],[1.0]
2085,[80:34],[0.875:0.125]
2086,[92],[1.0]
2087,[37],[1.0]
2088,[75],[1.0]
2089,[85],[1.0]
2090,[56],[1.0]
2091,[8],[1.0]
2092,[71:3],[0.625:0.375]
2093,[69],[1.0]
2094,[8],[1.0]
2095,[90],[1.0]
2096,[0],[1.0]
2097,[90],[1.0]
2098,[8],[1.0]
2099,[8],[1.0]
2100,[90],[1.0]
2101,[83],[1.0]
2102,[91],[1.0]
2103,[35],[1.0]
2104,[92],[1.0]
2105,[87],[1.0]
2106,[86],[1.0]
2107,[87],[1.0]
2108,[8],[1.0]
2109,[8],[1.0]
2110,[8],[1.0]
2111,[90:61],[0.625:0.375]
2112,[90],[1.0]
2113,[70],[1.0]
2114,[88],[1.0]
2115,[19],[1.0]
2116,[14],[1.0]
2117,[41],[1.0]
2118,[79],[1.0]
2119,[5],[1.0]
2120,[8],[1.0]
2121,[14],[1.0]
2122,[90],[1.0]
2123,[8:21],[0.875:0.125]
2124,[40],[1.0]
2125,[56],[1.0]
2126,[8],[1.0]
2127,[14],[1.0]
2128,[14],[1.0]
2129,[46],[1.0]
2130,[56:79],[0.75:0.25]
2131,[8],[1.0]
2132,[14],[1.0]
2133,[8],[1.0]
2134,[8],[1.0]
2135,[14:40],[0.875:0.125]
2136,[0],[1.0]
2137,[90],[1.0]
2138,[40],[1.0]
2139,[90],[1.0]
2140,[8],[1.0]
2141,[14],[1.0]
2142,[8],[1.0]
2143,[74],[1.0]
2144,[16],[1.0]
2145,[71],[1.0]
2146,[0],[1.0]
2147,[6],[1.0]
2148,[17],[1.0]
2149,[84],[1.0]
2150,[8],[1.0]
2151,[56],[1.0]
2152,[52],[1.0]
2153,[14],[1.0]
2154,[92],[1.0]
2155,[8],[1.0]
2156,[74],[1.0]
2157,[8],[1.0]
2158,[56:79],[0.875:0.125]
2159,[90],[1.0]
2160,[85],[1.0]
2161,[16],[1.0]
2162,[8],[1.0]
2163,[85],[1.0]
2164,[8],[1.0]
2165,[88],[1.0]
2166,[86],[1.0]
2167,[91],[1.0]
2168,[0],[1.0]
2169,[83],[1.0]
2170,[8],[1.0]
2171,[87],[1.0]
2172,[25],[1.0]
2173,[8],[1.0]
2174,[8],[1.0]
2175,[18],[1.0]
2176,[7],[1.0]
2177,[54],[1.0]
2178,[43],[1.0]
2179,[90],[1.0]
2180,[70:56],[0.5:0.5]
2181,[32],[1.0]
2182,[17],[1.0]
2183,[92],[1.0]
2184,[71],[1.0]
2185,[56],[1.0]
2186,[61],[1.0]
2187,[45],[1.0]
2188,[69],[1.0]
2189,[56],[1.0]
2190,[61],[1.0]
2191,[70],[1.0]
2192,[8],[1.0]
2193,[49:86:14],[0.75:0.125:0.125]
2194,[52],[1.0]
2195,[88],[1.0]
2196,[56],[1.0]
2197,[32],[1.0]
2198,[8],[1.0]
2199,[8],[1.0]
2200,[8],[1.0]
2201,[35],[1.0]
2202,[61],[1.0]
2203,[88],[1.0]
2204,[87],[1.0]
2205,[56],[1.0]
2206,[90],[1.0]
2207,[90],[1.0]
2208,[17],[1.0]
2209,[8],[1.0]
2210,[33],[1.0]
2211,[64:21],[0.75:0.25]
2212,[7],[1.0]
2213,[8],[1.0]
2214,[62],[1.0]
2215,[45],[1.0]
2216,[8],[1.0]
2217,[8],[1.0]
2218,[91],[1.0]
2219,[8],[1.0]
2220,[21],[1.0]
2221,[18],[1.0]
2222,[8],[1.0]
2223,[9],[1.0]
2224,[8:7],[0.625:0.375]
2225,[8],[1.0]
2226,[21],[1.0]
2227,[14],[1.0]
2228,[70],[1.0]
2229,[8],[1.0]
2230,[8],[1.0]
2231,[14],[1.0]
2232,[34],[1.0]
2233,[87],[1.0]
2234,[86],[1.0]
2235,[93:56],[0.75:0.25]
2236,[74],[1.0]
2237,[52],[1.0]
2238,[8],[1.0]
2239,[56],[1.0]
2240,[60],[1.0]
2241,[8],[1.0]
2242,[55],[1.0]
2243,[8],[1.0]
2244,[8],[1.0]
2245,[70],[1.0]
2246,[14],[1.0]
2247,[54],[1.0]
2248,[56:34],[0.625:0.375]
2249,[14],[1.0]
2250,[17],[1.0]
2251,[14],[1.0]
2252,[56],[1.0]
2253,[56],[1.0]
2254,[56],[1.0]
2255,[56],[1.0]
2256,[45],[1.0]
2257,[88],[1.0]
2258,[8],[1.0]
2259,[8],[1.0]
2260,[8],[1.0]
2261,[59],[1.0]
2262,[70],[1.0]
2263,[33],[1.0]
2264,[7],[1.0]
2265,[37],[1.0]
2266,[81:18],[0.875:0.125]
2267,[47],[1.0]
2268,[8],[1.0]
2269,[56],[1.0]
2270,[56],[1.0]
2271,[5],[1.0]
2272,[81],[1.0]
2273,[88],[1.0]
2274,[81:18],[0.5:0.5]
2275,[8],[1.0]
2276,[90],[1.0]
2277,[14:86],[0.875:0.125]
2278,[8],[1.0]
2279,[8],[1.0]
2280,[18],[1.0]
2281,[25],[1.0]
2282,[74],[1.0]
2283,[51],[1.0]
2284,[8],[1.0]
2285,[61],[1.0]
2286,[16],[1.0]
2287,[40],[1.0]
2288,[85],[1.0]
2289,[74],[1.0]
2290,[14],[1.0]
2291,[61:90],[0.75:0.25]
2292,[83],[1.0]
2293,[8],[1.0]
2294,[90],[1.0]
2295,[25:8],[0.875:0.125]
2296,[67],[1.0]
2297,[28],[1.0]
2298,[70],[1.0]
2299,[21:94:64],[0.5:0.25:0.25]
2300,[62],[1.0]
2301,[56],[1.0]
2302,[8],[1.0]
2303,[54],[1.0]
2304,[8],[1.0]
2305,[60],[1.0]
2306,[41],[1.0]
2307,[14],[1.0]
2308,[16],[1.0]
2309,[5],[1.0]
2310,[60],[1.0]
2311,[86],[1.0]
2312,[52],[1.0]
2313,[81],[1.0]
2314,[8],[1.0]
2315,[90],[1.0]
2316,[56],[1.0]
2317,[92],[1.0]
2318,[51],[1.0]
2319,[90],[1.0]
2320,[14],[1.0]
