00 101
01 3
02 17
03 21
04 15
05 127
06 25
07 75
08 2054
09 66
10 14
11 43
12 10
13 22
14 489
15 89
16 154
17 116
18 76
19 42
20 7
21 74
22 58
23 10
24 10
25 143
26 2
27 3
28 18
29 14
30 3
31 33
32 93
33 126
34 73
35 23
36 8
37 119
38 34
39 19
40 95
41 95
42 2
43 70
44 2
45 109
46 44
47 37
48 27
49 49
50 2
51 71
52 76
53 53
54 128
55 26
56 654
57 9
58 2
59 54
60 73
61 240
62 135
63 2
64 57
65 10
66 54
67 17
68 5
69 80
70 223
71 102
72 2
73 6
74 150
75 69
76 10
77 2
78 5
79 78
80 57
81 58
82 2
83 115
84 18
85 49
86 203
87 103
88 97
89 3
90 788
91 118
92 129
93 61
94 52
95 2
96 35
